WEEKLY
0 0 0 0
41 10 156 10 
209 15 490 15 
721 25 1515 25 
1688 28 2900 28 
3477 33 4338 33 
7510 35 7624 35 
BIWEEKLY
0 0 0 0
83 10 312 10 
417 15 981 15 
1442 25 3031 25 
3377 28 5800 28 
6954 33 8675 33 
15019 35 15248 35 
SEMIMONTHLY
0 0 0 0
90 10 338 10 
452 15 1063 15 
1563 25 3283 25 
3658 28 6283 28 
7533 33 9398 33 
16271 35 16519 35 
MONTHLY
0 0 0 0
179 10 675 10 
904 15 2125 15 
3125 25 6567 25 
7317 28 12567 28 
15067 33 18796 33 
32542 35 33038 35 
QUARTERLY
0 0 0 0
538 10 2025 10 
2713 15 6375 15 
9375 25 19700 25 
21950 28 37700 28 
45200 33 56388 33 
97625 35 99113 35 
SEMIANNUAL
0 0 0 0
1075 10 4050 10 
5425 15 12750 15 
18750 25 39400 25 
43900 28 75400 28 
90400 33 112775 33 
195250 35 198225 35 
ANNUAL
0 0 0 0
2150 10 8100 10 
10850 15 25500 15 
37500 25 78800 25 
87800 28 150800 28 
180800 33 225550 33 
390500 35 396450 35 
DAILY
0 0 0 0
8.30 10 31.20 10 
41.70 15 98.10 15 
144.20 25 303.10 25 
337.70 28 580.00 28 
695.40 33 867.50 33 
1501.90 35 1524.80 35 
